0 Untitled Model
0 Name:  Flower white
0 Author:  
0 CustomBrick
1 2 0.000000 -8.000000 0.000000 1.000000 0.000000 0.000000 0.000000 1.000000 0.000000 0.000000 0.000000 1.000000 11213.dat
1 15 147.341900 -19.999800 67.099060 -0.906312 0.422618 0.000000 0.000000 0.000000 -0.999993 -0.422622 -0.906305 0.000000 3010.dat
1 15 96.344020 -19.999860 34.491410 -0.906313 0.422621 0.000000 0.000000 0.000000 -1.000001 -0.422622 -0.906311 0.000000 60478.dat
1 15 104.327200 -19.999860 64.695390 0.000000 0.422622 0.906311 -1.000002 0.000000 0.000000 0.000000 -0.906313 0.422621 61678.dat
1 15 145.040500 -19.999860 48.372010 0.000000 0.422622 0.906312 -1.000002 0.000000 0.000000 0.000000 -0.906313 0.422622 13547.dat
1 15 163.166800 -19.999860 56.824440 0.000000 0.422622 -0.906312 1.000002 0.000000 0.000000 0.000000 -0.906313 -0.422622 13547.dat
1 15 176.832600 -19.999870 98.505260 0.000000 0.422622 -0.906312 1.000002 0.000000 0.000000 0.000000 -0.906313 -0.422622 61678.dat
1 15 205.101400 -19.999860 85.205970 -0.906308 0.422619 0.000000 0.000000 0.000000 -1.000000 -0.422619 -0.906308 0.000000 3023.dat
1 15 160.865600 -19.999860 38.097310 -0.906312 0.422622 0.000000 0.000000 0.000000 -1.000002 -0.422622 -0.906313 0.000000 3023.dat
1 15 143.960500 -19.999860 74.349750 -0.906312 0.422621 0.000000 0.000000 0.000000 -1.000000 -0.422622 -0.906311 0.000000 3023.dat
1 15 147.341700 -20.000050 -67.098980 -0.906309 0.422619 0.000000 0.000000 0.000000 0.999992 0.422621 0.906305 0.000000 3010.dat
1 15 96.344070 -19.999980 -34.491180 -0.906311 0.422621 0.000000 0.000000 0.000000 1.000000 0.422622 0.906311 0.000000 60478.dat
1 15 104.327100 -19.999980 -64.695060 0.000000 0.422622 0.906308 1.000000 0.000000 0.000000 0.000000 0.906313 -0.422620 61678.dat
1 15 145.040300 -19.999990 -48.371660 0.000000 0.422622 0.906309 1.000001 0.000000 0.000000 0.000000 0.906313 -0.422621 13547.dat
1 15 163.166600 -19.999990 -56.824020 0.000000 0.422622 -0.906309 -1.000001 0.000000 0.000000 0.000000 0.906313 0.422621 13547.dat
1 15 176.832300 -19.999990 -98.504650 0.000000 0.422622 -0.906309 -1.000000 0.000000 0.000000 0.000000 0.906313 0.422621 61678.dat
1 15 205.101400 -19.999990 -85.205530 -0.906308 0.422619 0.000000 0.000000 0.000000 1.000000 0.422619 0.906308 0.000000 3023.dat
1 15 160.865400 -19.999990 -38.097000 -0.906309 0.422622 0.000000 0.000000 0.000000 1.000000 0.422621 0.906313 0.000000 3023.dat
1 15 143.960200 -19.999980 -74.349140 -0.906309 0.422621 0.000000 0.000000 0.000000 0.999999 0.422621 0.906311 0.000000 3023.dat
1 15 -147.341500 -19.999780 -67.098560 0.906310 -0.422618 0.000000 0.000000 0.000000 -0.999993 0.422620 0.906302 0.000000 3010.dat
1 15 -96.343650 -19.999840 -34.491180 0.906309 -0.422620 0.000000 0.000000 0.000000 -1.000003 0.422619 0.906304 0.000000 60478.dat
1 15 -104.326800 -19.999840 -64.695080 0.000000 -0.422620 -0.906306 -1.000003 0.000000 0.000000 0.000000 0.906306 -0.422618 61678.dat
1 15 -145.040000 -19.999850 -48.371720 0.000000 -0.422620 -0.906308 -1.000003 0.000000 0.000000 0.000000 0.906306 -0.422618 13547.dat
1 15 -163.166100 -19.999850 -56.824050 0.000000 -0.422621 0.906308 1.000003 0.000000 0.000000 0.000000 0.906306 0.422618 13547.dat
1 15 -176.831800 -19.999850 -98.504600 0.000000 -0.422621 0.906308 1.000003 0.000000 0.000000 0.000000 0.906306 0.422618 61678.dat
1 15 -205.100900 -19.999850 -85.205590 0.906307 -0.422620 0.000000 0.000000 0.000000 -1.000000 0.422620 0.906307 0.000000 3023.dat
1 15 -160.865000 -19.999850 -38.097090 0.906308 -0.422620 0.000000 0.000000 0.000000 -1.000003 0.422618 0.906306 0.000000 3023.dat
1 15 -143.960000 -19.999840 -74.349440 0.906308 -0.422620 0.000000 0.000000 0.000000 -1.000001 0.422618 0.906304 0.000000 3023.dat
1 15 -147.341300 -20.000020 67.098440 0.906305 -0.422616 0.000000 0.000000 0.000000 0.999994 -0.422618 -0.906298 0.000000 3010.dat
1 15 -96.343750 -19.999970 34.490980 0.906307 -0.422619 0.000000 0.000000 0.000000 1.000001 -0.422618 -0.906304 0.000000 60478.dat
1 15 -104.326800 -19.999970 64.694540 0.000000 -0.422620 -0.906304 1.000002 0.000000 0.000000 0.000000 -0.906306 0.422617 61678.dat
1 15 -145.039900 -19.999970 48.371200 0.000000 -0.422620 -0.906305 1.000002 0.000000 0.000000 0.000000 -0.906306 0.422617 13547.dat
1 15 -163.166000 -19.999970 56.823540 0.000000 -0.422620 0.906305 -1.000002 0.000000 0.000000 0.000000 -0.906306 -0.422617 13547.dat
1 15 -176.831700 -19.999970 98.503900 0.000000 -0.422620 0.906305 -1.000002 0.000000 0.000000 0.000000 -0.906306 -0.422618 61678.dat
1 15 -205.100300 -19.999970 85.204810 0.906307 -0.422620 0.000000 0.000000 0.000000 1.000000 -0.422620 -0.906307 0.000000 3023.dat
1 15 -160.864800 -19.999970 38.096580 0.906305 -0.422620 0.000000 0.000000 0.000000 1.000002 -0.422617 -0.906306 0.000000 3023.dat
1 15 -143.959800 -19.999970 74.348540 0.906305 -0.422619 0.000000 0.000000 0.000000 1.000000 -0.422617 -0.906304 0.000000 3023.dat
1 15 67.098920 -19.999800 -147.342400 -0.422622 -0.906307 0.000000 0.000000 0.000000 -0.999992 0.906312 -0.422617 0.000000 3010.dat
1 15 34.491310 -19.999840 -96.343920 -0.422621 -0.906308 0.000000 0.000000 0.000000 -1.000001 0.906310 -0.422619 0.000000 60478.dat
1 15 64.695380 -19.999840 -104.327100 0.000000 -0.906310 0.422620 -1.000002 0.000000 0.000000 0.000000 -0.422619 -0.906308 61678.dat
1 15 48.371920 -19.999850 -145.040300 0.000000 -0.906310 0.422620 -1.000002 0.000000 0.000000 0.000000 -0.422619 -0.906309 13547.dat
1 15 56.824240 -19.999850 -163.166500 0.000000 -0.906310 -0.422620 1.000002 0.000000 0.000000 0.000000 -0.422620 0.906309 13547.dat
1 15 98.504960 -19.999850 -176.832500 0.000000 -0.906310 -0.422620 1.000002 0.000000 0.000000 0.000000 -0.422620 0.906309 61678.dat
1 15 85.205720 -19.999850 -205.101000 -0.422618 -0.906308 0.000000 0.000000 0.000000 -1.000000 0.906308 -0.422618 0.000000 3023.dat
1 15 38.097190 -19.999850 -160.865300 -0.422620 -0.906310 0.000000 0.000000 0.000000 -1.000002 0.906309 -0.422619 0.000000 3023.dat
1 15 74.349780 -19.999840 -143.960400 -0.422620 -0.906308 0.000000 0.000000 0.000000 -1.000000 0.906309 -0.422619 0.000000 3023.dat
1 15 -67.098750 -20.000020 -147.341400 0.422620 0.906302 0.000000 0.000000 0.000000 0.999992 0.906305 -0.422618 0.000000 3010.dat
1 15 -34.491130 -19.999970 -96.343890 0.422620 0.906309 0.000000 0.000000 0.000000 1.000000 0.906307 -0.422621 0.000000 60478.dat
1 15 -64.694800 -19.999970 -104.326900 0.000000 0.906310 -0.422619 1.000000 0.000000 0.000000 0.000000 -0.422622 -0.906304 61678.dat
1 15 -48.371430 -19.999970 -145.040000 0.000000 0.906310 -0.422619 1.000001 0.000000 0.000000 0.000000 -0.422622 -0.906305 13547.dat
1 15 -56.823820 -19.999970 -163.166200 0.000000 0.906310 0.422619 -1.000001 0.000000 0.000000 0.000000 -0.422622 0.906305 13547.dat
1 15 -98.504360 -19.999970 -176.831800 0.000000 0.906310 0.422620 -1.000000 0.000000 0.000000 0.000000 -0.422622 0.906305 61678.dat
1 15 -85.205310 -19.999970 -205.100800 0.422621 0.906307 0.000000 0.000000 0.000000 1.000000 0.906307 -0.422621 0.000000 3023.dat
1 15 -38.096770 -19.999970 -160.865000 0.422619 0.906310 0.000000 0.000000 0.000000 1.000000 0.906305 -0.422622 0.000000 3023.dat
1 15 -67.098840 -19.999810 147.342900 0.422624 0.906311 0.000000 0.000000 0.000000 -0.999993 -0.906316 0.422618 0.000000 3010.dat
1 15 -34.491220 -19.999870 96.344230 0.422622 0.906310 0.000000 0.000000 0.000000 -1.000001 -0.906314 0.422621 0.000000 60478.dat
1 15 -64.695330 -19.999870 104.327400 0.000000 0.906312 -0.422621 -1.000002 0.000000 0.000000 0.000000 0.422622 0.906311 61678.dat
1 15 -48.371860 -19.999870 145.040800 0.000000 0.906312 -0.422621 -1.000003 0.000000 0.000000 0.000000 0.422622 0.906312 13547.dat
1 15 -56.824170 -19.999880 163.167100 0.000000 0.906312 0.422621 1.000002 0.000000 0.000000 0.000000 0.422622 -0.906313 13547.dat
1 15 -98.504990 -19.999880 176.833100 0.000000 0.906312 0.422621 1.000002 0.000000 0.000000 0.000000 0.422622 -0.906312 61678.dat
1 15 -85.205680 -19.999880 205.101700 0.422620 0.906307 0.000000 0.000000 0.000000 -1.000000 -0.906307 0.422620 0.000000 3023.dat
1 15 -38.097110 -19.999880 160.865900 0.422621 0.906312 0.000000 0.000000 0.000000 -1.000002 -0.906312 0.422622 0.000000 3023.dat
1 15 -74.349750 -19.999860 143.960900 0.422621 0.906310 0.000000 0.000000 0.000000 -1.000001 -0.906312 0.422621 0.000000 3023.dat
1 15 67.099140 -20.000040 147.342000 -0.422620 -0.906304 0.000000 0.000000 0.000000 0.999993 -0.906309 0.422619 0.000000 3010.dat
1 15 34.491400 -20.000000 96.344180 -0.422621 -0.906311 0.000000 0.000000 0.000000 1.000000 -0.906310 0.422621 0.000000 60478.dat
1 15 64.695200 -19.999990 104.327300 0.000000 -0.906312 0.422620 1.000001 0.000000 0.000000 0.000000 0.422622 0.906307 61678.dat
1 15 48.371700 -19.999990 145.040600 0.000000 -0.906312 0.422620 1.000001 0.000000 0.000000 0.000000 0.422622 0.906309 13547.dat
1 15 56.824160 -20.000000 163.166800 0.000000 -0.906312 -0.422620 -1.000001 0.000000 0.000000 0.000000 0.422622 -0.906309 13547.dat
1 15 98.504900 -20.000000 176.832600 0.000000 -0.906312 -0.422620 -1.000000 0.000000 0.000000 0.000000 0.422622 -0.906309 61678.dat
1 15 85.205600 -20.000000 205.101300 -0.422620 -0.906307 0.000000 0.000000 0.000000 1.000000 -0.906307 0.422620 0.000000 3023.dat
1 15 -74.348880 -19.999970 -143.959900 0.422619 0.906308 0.000000 0.000000 0.000000 0.999999 0.906305 -0.422621 0.000000 3023.dat
1 15 38.097100 -20.000000 160.865600 -0.422620 -0.906312 0.000000 0.000000 0.000000 1.000000 -0.906309 0.422622 0.000000 3023.dat
1 15 74.349280 -19.999990 143.960500 -0.422620 -0.906310 0.000000 0.000000 0.000000 1.000000 -0.906309 0.422622 0.000000 3023.dat
1 14 -0.000310 -39.999970 0.000410 1.000000 0.000000 0.000000 0.000000 1.000000 0.000000 0.000000 0.000000 1.000000 6177.dat
1 14 -0.000310 -47.999970 0.000410 1.000000 0.000000 0.000000 0.000000 1.000000 0.000000 0.000000 0.000000 1.000000 11213.dat
1 14 -20.000310 -31.999970 50.000420 -1.000000 0.000000 0.000000 0.000000 1.000000 0.000000 0.000000 0.000000 -1.000000 95820.dat
1 14 -50.000310 -31.999970 20.000420 0.000000 0.000000 1.000000 0.000000 1.000000 0.000000 -1.000000 0.000000 0.000000 95820.dat
1 14 -50.000320 -31.999970 -19.999590 0.000000 0.000000 1.000000 0.000000 1.000000 0.000000 -1.000000 0.000000 0.000000 95820.dat
1 14 -20.000310 -31.999970 -49.999600 1.000000 0.000000 0.000000 0.000000 1.000000 0.000000 0.000000 0.000000 1.000000 95820.dat
1 14 49.999690 -31.999970 -19.999600 0.000000 0.000000 -1.000000 0.000000 1.000000 0.000000 1.000000 0.000000 0.000000 95820.dat
1 14 19.999690 -31.999970 -49.999600 1.000000 0.000000 0.000000 0.000000 1.000000 0.000000 0.000000 0.000000 1.000000 95820.dat
1 14 19.999690 -31.999970 50.000400 -1.000000 0.000000 0.000000 0.000000 1.000000 0.000000 0.000000 0.000000 -1.000000 95820.dat
1 14 49.999690 -31.999970 20.000410 0.000000 0.000000 -1.000000 0.000000 1.000000 0.000000 1.000000 0.000000 0.000000 95820.dat
